0.031119
0.01536
0.013699
0.033876
0.014893
0.015005
0.021629
0.099393
0.025734
0.022793
0.040219
0.040125
0.021367
0.013464
0.011259
0.011059
0.011073
0.033328
0.024824
0.072199
0.026572
0.023369
0.042065
0.047095
0.014335
0.011845
0.01066
0.012185
0.011111
0.045474
0.021298
0.023421
0.040657
0.0211
0.038039
0.040955
0.023202
0.014525
0.011175
0.011487
0.012189
0.028294
0.022758
0.025097
0.025538
0.031006
0.04516
0.040197
0.03098
0.016576
0.013603
0.036972
0.012346
0.034156
0.019
0.02624
0.029414
0.053805
0.032271
0.034918
0.03327
0.016849
0.024097
0.016942
0.014928
0.03112
0.024718
0.030344
0.028328
0.030081
0.034517
0.042964
0.027182
0.019839
0.032628
0.019293
0.013135
0.05679
0.024448
0.029144
0.027485
0.033802
0.026336
0.030576
0.040322
0.016711
0.040344
0.013172
0.018681
0.036961
0.020211
0.029025
0.02964
0.034248
0.019583
0.039554
0.025799
0.029239
0.02989
0.020258
0.020541
0.040224
0.017866
0.032093
0.029798
0.034685
0.025563
0.026998
0.02706
0.04595
0.023062
0.031322
0.015449
0.060995
0.018087
0.040141
0.022781
0.041129
0.023148
0.028448
0.045444
0.037685
0.04683
0.034663
0.03461
0.042556
0.040009
0.043661
0.039657
0.040567
0.028358
0.039143
0.022
0.038941
0.036745
0.041885
0.029406
0.041978
0.034785
0.043903
0.034459
0.045867
0.022874
0.037055
0.02306
0.047779
0.026716
0.039061
0.031535
0.047448
0.02699
0.042277
0.049799
0.037473
0.027745
0.0379
0.033359
0.046232
0.031469
0.046251
0.024364
0.034346
0.024789
0.04615
0.03324
0.035228
0.032748
0.025207
0.03618
0.04409
0.022089
0.053584
0.02623
0.035746
0.025603
0.043463
0.033768
0.029619
0.040893
0.039846
0.033173
0.045498
0.045073
0.048082
0.026463
0.041461
0.025818
0.048748
0.027069
0.047908
0.027291
0.033577
0.037439
0.036378
0.040265
0.035708
0.034239
0.034629
0.031953
0.041309
0.040324
0.030305
0.024669
0.050264
0.030078
0.045201
0.039165
0.038123
0.045417
0.031558
0.035465
0.043715
0.041772
0.041073
0.026778
0.040799
0.033579
0.042916
0.030811
0.029305
0.049678
0.025635
0.03442
0.050971
0.029498
0.038721
0.054089
0.024351
0.039978
0.047571
0.02584
0.03575
0.038889
0.038976
0.033981
0.038189
0.038979
0.023844
0.0295
0.025219
0.052604
0.046631
0.034308
0.031377
0.042559
0.035023
0.039025
0.032195
0.040001
0.024981
0.041325
0.028716
0.046912
0.035088
0.03309
0.032544
0.041135
0.031314
0.037226
0.045474
0.035303
0.030765
0.042803
0.035776
0.039265
0.030308
0.037131
0.026974
0.034582
0.034555
0.024995
0.052525
0.02818
0.04093
0.027991
0.037989
0.030975
0.037033
0.033822
0.032324
0.037609
0.0348
0.033018
0.045242
0.039826
0.036882
0.040585
0.037641
0.025376
0.0407
0.030481
0.032622
0.043215
0.028821
0.033308
0.036793
0.037384
0.04295
0.043423
0.022905
0.025894
0.039468
0.023612
0.038499
0.034918
0.022715
0.025366
0.042458
0.029834
0.036627
0.040759
0.024272
0.029315
0.034669
0.030327
0.035717
0.034387
0.022578
0.044022
0.036246
0.031785
0.046258
0.030436
0.035048
0.029157
0.033656
0.039008
0.029921
0.03601
0.0387
0.036807
0.040033
0.036073
0.039218
0.031933
0.041295
0.024042
0.031694
0.027924
0.034065
0.02797
0.040783
0.029434
0.034588
0.042224
0.027371
0.042553
0.029062
0.031572
0.031257
0.029689
0.042086
0.022886
0.038195
0.02785
0.04971
0.040183
0.041452
0.033888
0.027002
0.035795
0.024561
0.039089
0.03485
0.02298
0.044987
0.030166
0.045894
0.031058
0.035978
0.037009
0.027061
0.054335
0.028452
0.025916
0.036614
0.022153
0.04191
0.026944
0.05209
0.03123
0.043511
0.039579
0.043204
0.038157
0.025215
0.0328
0.034703
0.04593
0.034267
0.038969
0.030646
0.040352
0.03158
0.043259
0.050993
0.035073
0.022504
0.035038
0.026348
0.024689
0.037482
0.034702
0.03497
0.031199
0.040552
0.039325
0.05139
0.041482
0.032461
0.026144
0.047579
0.023371
0.054088
0.024415
0.041463
0.037012
0.030912
0.023767
0.055603
0.039291
0.039225
0.028449
0.031404
0.03917
0.037082
0.034104
0.048335
0.032032
0.037748
0.046469
0.034212
0.030653
0.038855
0.023983
0.025805
0.04337
0.032708
0.040339
0.036231
0.03187
0.039875
0.028994
0.041802
0.025133
0.03809
0.031038
0.022375
0.042282
0.021158
0.04802
0.029096
0.035521
0.047661
0.031271
0.03953
0.019792
0.043891
0.030979
0.033964
0.031209
0.033314
0.035138
0.035105
0.032646
0.042741
0.0393
0.033028
0.02397
0.038359
0.03105
0.037422
0.02831
0.039232
0.029123
0.037184
0.028915
0.047521
0.037078
0.035352
0.025235
0.040906
0.023212
0.039895
0.022247
0.051831
0.032341
0.03628
0.037292
0.035167
0.04028
0.036331
0.038097
0.032978
0.037976
0.037967
0.023121
0.041792
0.028807
0.034528
0.045309
0.031444
0.047274
0.029958
0.038324
0.019479
0.044638
0.03127
0.029268
0.041937
0.02726
0.041125
0.036546
0.039996
0.041195
0.049062
0.022205
0.038334
0.026355
0.036973
0.022279
0.049821
0.023115
0.031616
0.039536
0.030625
0.052131
0.026827
0.034373
0.03065
0.03931
0.029321
0.035991
0.029731
0.028977
0.040121
0.033323
0.03577
0.038451
0.030637
0.039881
0.04114
0.029143
0.030833
0.030319
0.035383
0.021905
0.056034
0.033451
0.025428
0.04602
0.019992
0.02983
0.03448
0.04211
0.029763
0.039803
0.029562
0.028918
0.051285
0.033551
0.035049
0.029251
0.033827
0.024928
0.028773
0.040763
0.023947
0.042083
0.020825
0.032258
0.046455
0.032347
0.040818
0.027986
0.034029
0.021955
0.024245
0.047622
0.018422
0.03734
0.03164
0.031897
0.042589
0.023011
0.045121
0.022431
0.044782
0.020024
0.035822
0.037195
0.033833
0.026267
0.03527
0.029606
0.037477
0.038389
0.031096
0.035385
0.031986
0.040278
0.037637
0.023223
0.048094
0.025854
0.047253
0.02702
0.040402
0.035486
0.040112
0.028001
0.03226
0.035711
0.035822
0.034054
0.036623
0.033958
0.034675
0.023478
0.038392
0.037675
0.030645
0.03364
0.02303
0.045996
0.030799
0.041378
0.020849
0.040806
0.028547
0.030159
0.045089
0.031283
0.039978
0.027493
0.031166
0.039993
0.047515
0.029473
0.038656
0.037729
0.022537
0.038384
0.026011
0.036955
0.031329
0.029862
0.046275
0.023402
0.044347
0.027407
0.041072
0.033561
0.038735
0.0336
0.031903
0.028863
0.033061
0.037339
0.03525
0.021861
0.040944
0.019526
0.039613
0.024232
0.027367
0.039653
0.032534
0.039638
0.026823
0.03443
0.045823
0.036991
0.034378
0.034688
0.033654
0.040598
0.025299
0.035823
0.03404
0.03259
0.028612
0.041667
0.035261
0.04081
0.036406
0.044441
0.034494
0.030233
0.031255
0.039403
0.033508
0.032732
0.031461
0.038067
0.030124
0.032577
0.04309
0.029158
0.043957
0.020984
0.021828
0.03588
0.034037
0.034445
0.033945
0.031886
0.03525
0.022773
0.035634
0.039592
0.033485
0.023668
0.031833
0.03499
0.026344
0.029939
0.03595
0.028587
0.045011
0.018621
0.030506
0.053398
0.028191
0.038594
0.031981
0.031754
0.041504
0.028338
0.035738
0.04327
0.03053
0.027525
0.032883
0.032938
0.022671
0.050934
0.027691
0.032236
0.034949
0.021742
0.039811
0.03624
0.027549
0.024533
0.039365
0.034915
0.029839
0.039727
0.026515
0.036457
0.023477
0.035355
0.029904
0.041362
0.026505
0.034327
0.035999
0.039027
0.033266
0.039358
0.022882
0.030259
0.035792
0.024354
0.035814
0.032278
0.022384
0.038497
0.030606
0.040224
0.036029
0.041236
0.03735
0.032282
0.029734
0.037803
0.030065
0.035869
0.026917
0.035847
0.033769
0.04536
0.03114
0.033434
0.035491
0.040424
0.02382
0.03522
0.029645
0.035791
0.022816
0.039243
0.023974
0.042259
0.026581
0.031589
0.041365
0.032857
0.023816
0.041064
0.026055
0.034508
0.044996
0.033972
0.026633
0.039822
0.036371
0.035124
0.030233
0.040433
0.020514
0.042425
0.021749
0.038528
0.032887
0.035116
0.024953
0.044802
0.03098
0.033776
0.039095
0.039694
0.034022
0.035703
0.031446
0.032027
0.03542
0.024485
0.033446
0.038769
0.021151
0.034706
0.034834
0.053018
0.036247
0.033723
0.037834
0.031854
0.03245
0.036234
0.030271
0.03371
0.027205
0.045006
0.035302
0.03607
0.041998
0.028997
0.041496
0.028551
0.025036
0.043744
0.025101
0.035762
0.02851
0.046055
0.02257
0.038772
0.042318
0.026547
0.041144
0.026113
0.045315
0.027049
0.030877
0.033654
0.034188
0.041261
0.038471
0.035044
0.044675
0.030889
0.029022
0.032776
0.040707
0.027802
0.0378
0.028022
0.026886
0.044918
0.032509
0.033119
0.04876
0.030694
0.037318
0.026226
0.048991
0.021863
0.04208
0.027783
0.02285
0.043393
0.029338
0.029219
0.046726
0.028277
0.027429
0.048299
0.02638
0.023176
0.041673
0.023226
0.036249
0.025937
0.038102
0.028419
0.046157
0.028853
0.033898
0.030153
0.041728
0.021932
0.038595
0.035673
0.033294
0.038613
0.029241
0.045242
0.03361
0.037874
0.031452
0.023172
0.032185
0.044353
0.029554
0.036729
0.021005
0.033338
0.038212
0.033964
0.047566
0.041926
0.018721
0.040293
0.023753
0.050126
0.031977
0.029511
0.037724
0.027329
0.033449
0.034446
0.042628
0.032791
0.039763
0.033238
0.036953
0.032514
0.031324
0.045259
0.028659
0.038415
0.030856
0.037241
0.035843
0.043978
0.038497
0.03506
0.036707
0.026582
0.033931
0.026727
0.0439
0.030552
0.030285
0.040732
0.030426
0.03556
0.047408
0.033063
0.022334
0.040289
0.024183
0.04194
0.032667
0.033573
0.035759
0.031725
0.033196
0.043241
0.03361
0.038239
0.021191
0.025167
0.037138
0.042436
0.031438
0.033846
0.034082
0.040257
0.04404
0.036947
0.042943
0.021487
0.034792
0.024641
0.033938
0.025992
0.04435
0.023447
0.030241
0.047043
0.027992
0.044828
0.034334
0.025787
0.038737
0.025183
0.035325
0.031044
0.037098
0.026138
0.036598
0.035615
0.036551
0.035518
0.040557
0.034768
0.03321
0.031414
0.02872
0.037428
0.028002
0.029876
0.033176
0.038061
0.032902
0.042298
0.038627
0.035782
0.023934
0.039526
0.022562
0.034203
0.021739
0.035593
0.030906
0.040306
0.030987
0.037979
0.039545
0.026279
0.041153
0.031246
0.039934
0.028194
0.022507
0.040058
0.021946
0.038592
0.038569
0.025955
0.031156
0.033041
0.028828
0.034671
0.029975
0.029776
0.048204
0.029275
0.037548
0.025002
0.036587
0.045377
0.025214
0.030288
0.026754
0.047672
0.023912
0.032761
0.0309
0.034278
0.033455
0.031607
0.040341
0.034239
0.033555
0.044323
0.034432
0.034827
0.032241
0.029305
0.031419
0.033969
0.027935
0.037232
0.029223
0.035412
0.028755
0.034049
0.044634
0.023752
0.030809
0.025307
0.040529
0.034538
0.023735
0.035924
0.027903
0.03452
0.026599
0.042282
0.022644
0.027791
0.046166
0.023582
0.033769
0.030071
0.039812
0.032141
0.044403
0.037223
0.036867
0.036603
0.038555
0.023547
0.050991
0.021972
0.036985
0.031989
0.023802
0.039025
0.028644
0.047436
0.03341
0.038065
0.030772
0.034221
0.033006
0.043722
0.0293
0.031135
0.034068
0.035517
0.030924
0.038248
0.033661
0.0436
0.03967
0.031445
0.043984
0.03378
0.030911
0.025167
0.040786
0.037099
0.031852
0.037024
0.031909
0.043575
0.033639
0.036323
0.039525
0.026099
0.041174
0.039302
0.026008
0.039939
0.036106
0.039252
0.034938
0.034122
0.042867
0.031177
0.040097
0.034605
0.037695
0.039258
0.020879
0.040137
0.026863
0.042004
0.024279
0.037384
0.040476
0.030559
0.03118
0.048458
0.037944
0.030948
0.033044
0.033898
0.036655
0.033683
0.038449
0.031859
0.047439
0.028449
0.027784
0.055757
0.038256
0.028148
0.037917
0.042752
0.030063
0.036916
0.038322
0.03777
0.040177
0.028737
0.043865
0.034471
0.043575
0.022162
0.043789
0.033247
0.033584
0.029541
0.04708
0.029864
0.046424
0.032025
0.037928
0.040599
0.033767
0.048897
0.030862
0.033816
0.03421
0.03822
0.024072
0.037798
0.035638
0.041589
0.041497
0.037131
0.028762
0.040734
0.027215
0.038522
0.042322
0.028971
0.03953
0.039531
0.041593
0.024275
0.040764
0.026704
0.030185
0.044428
0.036584
0.039574
0.034871
0.034553
0.045055
0.028981
0.039894
0.030484
0.02956
0.038106
0.032145
0.042907
0.03538
0.041914
0.0338
0.030426
0.036897
0.047727
0.038771
0.022114
0.036957
0.030111
0.028346
0.033772
0.026743
0.04033
0.029891
0.040254
0.043916
0.032337
0.043645
0.041206
0.03069
0.03398
0.029575
0.037801
0.027832
0.041337
0.029201
0.035063
0.034554
0.035865
0.043592
0.036944
0.031885
0.029298
0.038258
0.029395
0.031936
0.036556
0.034335
0.03307
0.033321
0.045987
0.034995
0.03858
0.034971
0.032412
0.028999
0.039288
0.029845
0.032382
0.034903
0.037093
0.031805
0.031971
0.033905
0.035159
0.027246
0.039024
0.03
0.029182
0.029335
0.037375
0.030327
0.037493
0.023946
0.042497
0.037645
0.024923
0.032538
0.028116
0.032984
0.024296
0.036365
0.032144
0.033201
0.034683
0.029699
0.044688
0.029919
0.027569
0.028461
0.028563
0.042601
0.022398
0.029636
0.032118
0.037185
0.0317
0.028526
0.040242
0.038205
0.027959
0.030844
0.034604
0.035275
0.033386
0.03609
0.028164
0.036758
0.032233
0.028784
0.040896
0.032862
0.029041
0.030258
0.030892
0.038033
0.030727
0.037332
0.026497
0.038911
0.030654
0.028079
0.03581
0.033679
0.03006
0.033762
0.029687
0.035088
0.031672
0.033967
0.033565
0.036371
0.030463
0.02672
0.032725
0.032705
0.030221
0.029377
0.032797
0.027924
0.032973
0.035606
0.038039
0.036386
0.036553
0.027519
0.036077
0.039991
0.032747
0.033501
0.034032
0.0357
0.038132
0.032089
0.031586
0.0333
0.033784
0.033537
0.035119
0.04204
0.037034
0.031456
0.034055
0.040838
0.03591
0.031732
0.034147
0.029902
0.039428
0.033211
0.029287
0.038166
0.031918
0.028634
0.034557
0.036857
0.039907
0.035788
0.035644
0.034706
0.04124
0.030825
0.031237
0.035794
0.029311
0.031654
0.034699
0.035703
0.037371
0.039971
0.035783
0.031483
0.038012
0.029716
0.035758
0.033073
0.032828
0.036378
0.038435
0.029563
0.032162
0.037675
0.033793
0.035602
0.030316
0.037041
0.031085
0.034101
0.030831
0.03283
0.037687
0.032771
0.034347
0.032928
0.030055
0.029589
0.035553
0.035859
0.025663
0.038596
0.02144
0.030376
0.031486
0.027014
0.03474
0.031799
0.028333
0.029685
0.033529
0.034855
0.029273
0.035592
0.024282
0.033355
0.036762
0.031853
0.037652
0.035556
0.032258
0.029215
0.039493
0.034939
0.033929
0.034921
0.02389
0.037638
0.039547
0.032771
0.038425
0.036685
0.03339
0.045041
0.029505
0.03223
0.039538
0.034296
0.029936
0.038042
0.036391
0.026726
0.038912
0.034075
0.038429
0.042795
0.035248
0.032151
0.033595
0.035718
0.034549
0.036843
0.0364
0.035234
0.035019
0.035605
0.03354
0.035493
0.036085
0.036462
0.040365
0.03721
0.040992
0.037323
0.040479
0.034372
0.035487
0.031652
0.045864
0.036281
0.035523
0.040725
0.035976
0.038075
0.033998
0.035221
0.031432
0.041221
0.034674
0.036723
0.033701
0.027774
0.037496
0.040877
0.036837
0.042233
0.037907
0.032279
0.042975
0.036478
0.039652
0.042307
0.036522
0.031432
0.034224
0.034392
0.034316
0.033207
0.041601
0.03461
0.038268
0.037091
0.042119
0.03898
0.037988
0.037074
0.036301
0.031175
0.031642
0.03627
0.038222
0.032852
0.044331
0.0424
0.037381
0.040502
0.041771
0.036711
0.038146
0.031851
0.038361
0.036256
0.033705
0.034621
0.037031
0.046593
0.037283
0.035621
0.029106
0.029807
0.034911
0.047162
0.041717
0.033612
0.035044
0.030391
0.038972
0.045722
0.032987
0.042785
0.025051
0.032725
0.035717
0.036485
0.036433
0.050796
0.031167
0.038484
0.035473
0.036733
0.038137
0.036057
0.031333
0.035839
0.033113
0.040197
0.033693
0.041903
0.042593
0.032287
0.037981
0.040438
0.039417
0.03621
0.033749
0.028425
0.029123
0.033661
0.031711
0.045134
0.053179
0.036759
0.039929
0.0387
0.034652
0.03789
0.034077
0.041531
0.03916
0.041345
0.045794
0.049146
0.035684
0.037364
0.027902
0.032955
0.047433
0.040689
0.033738
0.039507
0.038184
0.034816
0.046232
0.03735
0.037198
0.038532
0.03387
0.035193
0.032683
0.041201
0.041079
0.045611
0.038543
0.043557
0.051048
0.034455
0.034715
0.042348
0.044773
0.044507
0.034255
0.035814
0.038591
0.051955
0.036784
0.035615
0.04601
0.027075
0.033355
0.042991
0.042371
0.039335
0.036658
0.038093
0.042985
0.04467
0.034024
0.036977
0.040118
0.041674
0.041263
0.03364
0.04149
0.046589
0.042482
0.047989
0.03672
0.03966
0.04312
0.032844
0.040365
0.046539
0.030773
0.032388
0.033867
0.030459
0.04156
0.036177
0.037515
0.036739
0.042763
0.035863
0.046243
0.035312
0.031882
0.037843
0.036343
0.032423
0.043045
0.04296
0.034136
0.037483
0.035927
0.043077
0.033702
0.037571
0.035588
0.052251
0.037872
0.02858
0.032149
0.048519
0.029892
0.033829
0.052946
0.036558
0.043015
0.045921
0.018786
0.056858
0.026186
0.026961
0.044717
0.036063
0.025572
0.044007
0.031729
0.033092
0.048947
0.029498
0.01917
0.047225
0.027994
0.037933
0.04497
0.03301
0.038066
0.038459
0.042855
0.028471
0.06575
0.022804
0.025278
0.041975
0.023512
0.05222
0.028195
0.0375
0.051329
0.034506
0.053052
0.050349
0.038868
0.021433
0.024522
0.032852
0.03569
0.033006
0.039214
0.033158
0.043934
0.030483
0.048456
0.068811
0.031354
0.031006
0.044034
0.025465
0.029324
0.033868
0.044317
0.029332
0.038865
0.045245
0.034054
0.042325
0.026802
0.037518
0.039175
0.022644
0.044255
0.023675
0.031204
0.062963
0.034935
0.041231
0.04124
0.047248
0.030328
0.05118
0.03528
0.024988
0.036306
0.028613
0.039137
0.051998
0.034248
0.037053
0.042062
0.043246
0.02699
0.053143
0.023411
0.032895
0.048856
0.028644
0.033246
0.057212
0.037322
0.035009
0.040852
0.037905
0.046953
0.04832
0.026835
0.024293
0.046272
0.019534
0.038492
0.045756
0.031735
0.055882
0.036937
0.038001
0.042928
0.042093
0.050923
0.022369
0.043575
0.022194
0.043713
0.030845
0.029083
0.050253
0.046265
0.030988
0.043098
0.041069
0.03806
0.042548
0.035367
0.040308
0.039409
0.031798
0.042194
0.040173
0.043471
0.050933
0.033983
0.035569
0.041978
0.041593
0.035666
0.044572
0.024082
0.03594
0.035062
0.053094
0.041814
0.041859
0.034982
0.030992
0.057766
0.027778
0.035234
0.040851
0.03133
0.033951
0.038157
0.05639
0.03567
0.041314
0.039422
0.042886
0.044836
0.024557
0.034194
0.034914
0.043725
0.03099
0.031675
0.048731
0.033395
0.050598
0.027579
0.040988
0.038537
0.027043
0.03054
0.034926
0.056233
0.030681
0.028578
0.042605
0.036612
0.044036
0.029739
0.036919
0.056779
0.027623
0.026948
0.023982
0.057988
0.032297
0.026103
0.071449
0.033236
0.042957
0.028112
0.025541
0.061603
0.028005
0.026409
0.027074
0.049507
0.025487
0.043036
0.036741
0.060748
0.027767
0.038824
0.023296
0.045368
0.022554
0.045382
0.02489
0.044284
0.032448
0.036982
0.052684
0.037527
0.021367
0.039658
0.02585
0.041015
0.040751
0.038065
0.021083
0.049319
0.051714
0.029139
0.03725
0.036923
0.039113
0.028143
0.026939
0.042941
0.054868
0.030862
0.034535
0.037729
0.03984
0.028682
0.056243
0.029393
0.035637
0.023349
0.043947
0.027438
0.039067
0.039338
0.034269
0.03427
0.031112
0.04511
0.041538
0.025297
0.026824
0.024527
0.059047
0.02319
0.033897
0.037827
0.049575
0.023159
0.029477
0.068079
0.030054
0.022085
0.034134
0.046984
0.043295
0.024349
0.047517
0.038692
0.043877
0.027281
0.048902
0.038414
0.035978
0.047127
0.033551
0.047774
0.03565
0.026133
0.039963
0.052615
0.020507
0.024136
0.032893
0.047395
0.028685
0.049117
0.024912
0.059173
0.041942
0.030481
0.047792
0.042351
0.025387
0.024566
0.051043
0.030976
0.02618
0.0399
0.046088
0.033897
0.042716
0.048853
0.039258
0.039002
0.025301
0.040329
0.037243
0.03187
0.025766
0.040689
0.031566
0.047299
0.024317
0.052762
0.034875
0.037347
0.022101
0.048327
0.039063
0.029101
0.037397
0.040598
0.049317
0.037403
0.029354
0.058067
0.025117
0.034971
0.028983
0.050939
0.033042
0.029735
0.05479
0.033318
0.03489
0.051059
0.036629
0.039375
0.030174
0.028246
0.038487
0.047308
0.03468
0.037393
0.050061
0.030773
0.035223
0.042515
0.0508
0.040465
0.02188
0.031152
0.057034
0.031011
0.037395
0.042514
0.035735
0.058773
0.024407
0.038851
0.035649
0.030305
0.039924
0.023526
0.040104
0.043118
0.040593
0.045852
0.049214
0.035484
0.029383
0.039446
0.023842
0.040749
0.035426
0.045897
0.030203
0.043175
0.046625
0.050337
0.036894
0.041312
0.026164
0.031256
0.038524
0.033624
0.034595
0.029538
0.046423
0.042623
0.033742
0.058128
0.031159
0.052885
0.030583
0.027582
0.030258
0.029887
0.045333
0.025787
0.032853
0.055194
0.025722
0.05051
0.037829
0.047737
0.032909
0.023827
0.02597
0.045237
0.034851
0.031752
0.049245
0.035994
0.034524
0.030438
0.055489
0.032316
0.02966
0.050761
0.02495
0.036087
0.042183
0.036794
0.032398
0.036206
0.029353
0.052799
0.031685
0.036932
0.039096
0.035666
0.044927
0.039318
0.03383
0.045194
0.02285
0.030879
0.044977
0.038188
0.038931
0.025923
0.036501
0.045127
0.043888
0.047089
0.027436
0.028772
0.041571
0.025018
0.046879
0.030668
0.034956
0.042702
0.027261
0.046742
0.030191
0.05608
0.03106
0.037079
0.026828
0.049815
0.033218
0.022622
0.042942
0.03257
0.020957
0.060031
0.038957
0.059403
0.02366
0.034767
0.039306
0.03068
0.034297
0.023548
0.04996
0.024107
0.035463
0.047532
0.051836
0.032358
0.04155
0.022304
0.0294
0.038022
0.032716
0.031224
0.034694
0.053928
0.032562
0.067533
0.030363
0.0518
0.033832
0.023074
0.051057
0.034873
0.025974
0.034079
0.041421
0.023595
0.05647
0.039628
0.046261
0.0389
0.030628
0.041962
0.039298
0.027461
0.025883
0.041962
0.039194
0.054198
0.034274
0.044839
0.029429
0.035242
0.042602
0.039574
0.032783
0.043986
0.025278
0.042105
0.04848
0.031536
0.029186
0.039601
0.051978
0.029874
0.056298
0.025137
0.032734
0.049947
0.02102
0.040562
0.055004
0.029407
0.020699
0.05167
0.037672
0.047254
0.034269
0.026985
0.058576
0.036245
0.043575
0.029148
0.045718
0.020548
0.045586
0.032389
0.04381
0.032323
0.034822
0.045515
0.047149
0.048903
0.03431
0.03715
0.03173
0.043642
0.034102
0.038606
0.04294
0.034796
0.043136
0.051743
0.044125
0.03958
0.038736
0.034544
0.042373
0.030538
0.032505
0.035777
0.03525
0.051105
0.045363
0.040316
0.035906
0.034027
0.047876
0.031853
0.067299
0.028501
0.026678
0.050165
0.033276
0.050023
0.045375
0.031124
0.04208
0.02767
0.037736
0.030916
0.050783
0.02867
0.046042
0.031018
0.051996
0.050706
0.030566
0.045143
0.03062
0.039294
0.04357
0.026371
0.055298
0.028147
0.052954
0.038001
0.025771
0.040727
0.038177
0.030592
0.044773
0.04108
0.030957
0.044532
0.038453
0.055176
0.034931
0.033106
0.043177
0.032141
0.043318
0.031803
0.049288
0.034026
0.046927
0.03728
0.053032
0.04181
0.039965
0.02647
0.029484
0.043943
0.046845
0.028774
0.047722
0.045985
0.049094
0.037891
0.030162
0.035237
0.043063
0.025826
0.039902
0.049212
0.038755
0.037734
0.048915
0.045112
0.029078
0.028363
0.039315
0.021699
0.03105
0.046308
0.037621
0.046259
0.036126
0.04613
0.054836
0.032906
0.034123
0.043509
0.033791
0.029858
0.042488
0.022731
0.03136
0.042708
0.025305
0.04726
0.042291
0.03007
0.040075
0.027599
0.043836
0.0428
0.034377
0.020555
0.045051
0.0363
0.042491
0.030877
0.039789
0.042386
0.028168
0.045092
0.028219
0.043661
0.032338
0.02194
0.054763
0.031873
0.03303
0.045108
0.034538
0.033899
0.048817
0.027277
0.039102
0.043895
0.043639
0.033282
0.044262
0.023798
0.049427
0.027268
0.027298
0.043847
0.031784
0.025822
0.046485
0.031112
0.034977
0.048719
0.031178
0.040625
0.025504
0.02661
0.040252
0.034243
0.023384
0.041571
0.036266
0.04457
0.031281
0.050284
0.038097
0.025167
0.024386
0.043838
0.033511
0.030959
0.024611
0.047703
0.026715
0.040807
0.045357
0.039824
0.037208
0.04632
0.026094
0.043177
0.039539
0.03061
0.024702
0.035553
0.043755
0.033482
0.045508
0.042581
0.029299
0.054149
0.033685
0.03562
0.043036
0.027396
0.03344
0.041368
0.035126
0.025808
0.048799
0.03087
0.031644
0.039946
0.041838
0.041234
0.03432
0.031799
0.038942
0.038546
0.039426
0.027683
0.034693
0.049696
0.037565
0.030781
0.049713
0.033904
0.032771
0.030441
0.051313
0.030866
0.046013
0.022269
0.038979
0.047675
0.031815
0.032223
0.038685
0.035011
0.029927
0.047141
0.052511
0.036125
0.039382
0.035533
0.028433
0.033322
0.037557
0.025931
0.042327
0.039163
0.038632
0.036374
0.050201
0.053208
0.028792
0.023855
0.043888
0.025141
0.029494
0.053065
0.027582
0.040162
0.053235
0.044802
0.035121
0.058271
0.023766
0.027961
0.047115
0.023155
0.044315
0.026772
0.043972
0.031714
0.052272
0.02601
0.042121
0.034037
0.026004
0.048282
0.036126
0.037706
0.031021
0.038647
0.034208
0.049731
0.037332
0.03454
0.028516
0.041046
0.02253
0.03948
0.032139
0.048413
0.029044
0.040717
0.054511
0.043394
0.038676
0.027627
0.030514
0.041695
0.040253
0.036762
0.028852
0.04323
0.025395
0.0406
0.052448
0.029871
0.036035
0.054185
0.034409
0.033775
0.050277
0.025282
0.027563
0.047972
0.029329
0.047756
0.035012
0.028881
0.049552
0.034739
0.035862
0.046019
0.0366
0.02445
0.049194
0.03691
0.049513
0.035821
0.031555
0.037432
0.033238
0.037732
0.043213
0.037174
0.037863
0.051799
0.036164
0.035601
0.03902
0.043707
0.023294
0.036768
0.039635
0.040593
0.038221
0.041895
0.046266
0.04461
0.030404
0.043059
0.026828
0.033339
0.031204
0.048305
0.035351
0.044218
0.040092
0.048826
0.039666
0.037532
0.026707
0.048377
0.021801
0.038493
0.024359
0.033178
0.033476
0.039061
0.057005
0.032522
0.055751
0.030689
0.034762
0.038846
0.037382
0.029177
0.027866
0.042201
0.027095
0.051537
0.03765
0.043797
0.038568
0.033755
0.042036
0.035254
0.030129
0.034714
0.037446
0.033465
0.035219
0.041716
0.037917
0.037902
0.041572
0.027365
0.039938
0.030252
0.043659
0.029173
0.030268
0.041701
0.027978
0.053455
0.045526
0.044736
0.030524
0.019712
0.042656
0.023923
0.055885
0.028015
0.023001
0.041783
0.026938
0.050436
0.030756
0.035888
0.027784
0.052455
0.030726
0.023072
0.056522
0.025651
0.023335
0.052186
0.030546
0.033531
0.044033
0.036878
0.051736
0.038241
0.030544
0.043669
0.043125
0.021765
0.021976
0.062184
0.029308
0.032567
0.043128
0.037014
0.035299
0.043779
0.027691
0.05233
0.034824
0.031782
0.043073
0.039984
0.02271
0.047246
0.037149
0.037904
0.044128
0.029127
0.033652
0.049522
0.039633
0.051807
0.037052
0.033431
0.027706
0.04341
0.032907
0.028653
0.053488
0.029906
0.026967
0.049859
0.047041
0.029984
0.04701
0.029966
0.027149
0.044167
0.023114
0.032994
0.049359
0.026726
0.038183
0.05255
0.040625
0.035905
0.039194
0.025659
0.040312
0.041128
0.042966
0.026796
0.040579
0.029592
0.048234
0.040951
0.025872
0.039743
0.043757
0.023765
0.040631
0.042887
0.042559
0.045622
0.042795
0.032469
0.051882
0.026194
0.029561
0.040039
0.028231
0.025555
0.03456
0.04404
0.023638
0.036347
0.063128
0.031174
0.038504
0.042267
0.027286
0.033758
0.022674
0.043001
0.032839
0.043566
0.036284
0.05853
0.038337
0.023383
0.043115
0.049228
0.024721
0.023144
0.023866
0.027534
0.044385
0.027262
0.047799
0.039077
0.036449
0.042932
0.038551
0.051598
0.035254
0.024989
0.027249
0.042628
0.032096
0.025744
0.037334
0.042168
0.048254
0.034244
0.031581
0.055277
0.028384
0.043799
0.025924
0.027974
0.025789
0.040672
0.029647
0.043489
0.033041
0.032981
0.046212
0.0389
0.036089
0.046009
0.023478
0.026191
0.028211
0.036019
0.041041
0.037436
0.047626
0.026065
0.027214
0.041131
0.045907
0.029627
0.029108
0.046017
0.020338
0.038714
0.040146
0.036839
0.033892
0.027108
0.039662
0.038263
0.039074
0.041308
0.036887
0.033597
0.034495
0.041738
0.021888
0.042594
0.036519
0.037688
0.032194
0.024095
0.051949
0.032958
0.046959
0.025595
0.050816
0.026725
0.037905
0.027601
0.032754
0.045611
0.029579
0.034536
0.035632
0.043224
0.033557
0.04902
0.033891
0.04438
0.028227
0.03776
0.034607
0.044758
0.027691
0.032121
0.044232
0.032461
0.043178
0.038887
0.045208
0.03114
0.028581
0.038316
0.039992
0.040974
0.027081
0.036461
0.034191
0.044437
0.035457
0.05523
0.030648
0.040121
0.02512
0.039327
0.028887
0.038986
0.025797
0.037103
0.029
0.052958
0.039902
0.041679
0.037888
0.029345
0.027259
0.041284
0.027707
0.044601
0.023649
0.04447
0.023801
0.040059
0.053647
0.042792
0.036101
0.029229
0.037264
0.028691
0.042433
0.021731
0.041717
0.035224
0.037419
0.050742
0.056743
0.033759
0.039068
0.031624
0.027304
0.038313
0.033061
0.036152
0.034706
0.037689
0.044953
0.030174
0.046027
0.031019
0.040656
0.030364
0.037838
0.041635
0.028998
0.046956
0.031396
0.042567
0.042916
0.03898
0.043263
0.031142
0.039505
0.02457
0.036841
0.040901
0.021878
0.049405
0.044013
0.033507
0.047382
0.033577
0.043412
0.028137
0.030815
0.029879
0.039
0.035861
0.038191
0.055835
0.030464
0.044519
0.034099
0.030506
0.04725
0.024182
0.045752
0.024265
0.033176
0.032419
0.044704
0.035715
0.037096
0.028658
0.037022
0.02433
0.041567
0.042476
0.035356
0.025853
0.046901
0.027185
0.039204
0.045239
0.029827
0.03307
0.034694
0.030973
0.053126
0.029567
0.039426
0.035376
0.030276
0.037659
0.034489
0.040612
0.039772
0.031525
0.036649
0.040497
0.034618
0.04035
0.029354
0.036379
0.040441
0.030865
0.040075
0.036243
0.042303
0.026599
0.032323
0.0374
0.045362
0.034582
0.028085
0.030972
0.031956
0.044658
0.030975
0.031291
0.039493
0.031128
0.04436
0.030624
0.053893
0.034429
0.027421
0.031046
0.031282
0.038527
0.02903
0.037539
0.041225
0.028477
0.045595
0.048963
0.041957
0.034922
0.022503
0.033016
0.030441
0.032951
0.041711
0.027891
0.043535
0.025126
0.042355
0.05552
0.036855
0.032858
0.040546
0.031752
0.028015
0.033189
0.040895
0.041122
0.03925
0.025527
0.034036
0.045697
0.041021
0.033132
0.045837
0.035756
0.030591
0.033359
0.033161
0.045345
0.031743
0.025384
0.04267
0.036422
0.040176
0.047956
0.035761
0.042595
0.038624
0.027076
0.03204
0.041986
0.029899
0.036101
0.04377
0.034028
0.042565
0.04348
0.054213
0.03751
0.03495
0.026091
0.035964
0.041269
0.032438
0.040305
0.040084
0.02676
0.04263
0.037287
0.059524
0.028807
0.038324
0.038061
0.030438
0.040865
0.03438
0.048987
0.030178
0.030517
0.045137
0.033692
0.04927
0.034272
0.034706
0.032808
0.046123
0.035761
0.037008
0.059753
0.043054
0.030451
0.048573
0.029448
0.037521
0.041436
0.02785
0.039565
0.044819
0.023311
0.051273
0.038558
0.03524
0.033349
0.043716
0.035618
0.030204
0.037005
0.035377
0.047346
0.035882
0.036287
0.042346
0.04772
0.034887
0.040225
0.044431
0.028349
0.041045
0.035558
0.0407
0.04591
0.048499
0.035673
0.046948
0.037369
0.033474
0.03445
0.039251
0.035549
0.040195
0.039229
0.045565
0.047034
0.036827
0.045692
0.04314
0.038327
0.033553
0.042037
0.036313
0.034182
0.044161
0.040187
0.048529
0.046845
0.035888
0.053123
0.036259
0.041632
0.034405
0.033304
0.035177
0.031085
0.035062
0.038768
0.043521
0.037719
0.040668
0.040919
0.037617
0.045148
0.028985
0.030696
0.028787
0.049497
0.021142
0.048682
0.042803
0.036164
0.039842
0.044311
0.030788
0.038964
0.033763
0.029532
0.045722
0.041905
0.044636
0.038555
0.032178
0.031496
0.050124
0.039031
0.028869
0.057695
0.021975
0.029833
0.03878
0.048889
0.04277
0.042204
0.027634
0.037177
0.039266
0.037945
0.044116
0.040201
0.027762
0.038633
0.027678
0.047342
0.052578
0.031443
0.027346
0.043459
0.043188
0.04897
0.040651
0.047994
0.026514
0.03598
0.026153
0.052966
0.039983
0.035505
0.042971
0.036237
0.043427
0.048536
0.030968
0.058929
0.03627
0.024386
0.036536
0.038811
0.038575
0.029979
0.0393
0.033487
0.052676
0.048876
0.023608
0.052514
0.03984
0.022956
0.027218
0.036083
0.033331
0.02335
0.042559
0.0404
0.04213
0.04895
0.027717
0.058913
0.042461
0.023163
0.027234
0.036454
0.037608
0.045988
0.035036
0.045294
0.044342
0.037174
0.024192
0.049995
0.04282
0.042171
0.026098
0.036739
0.033138
0.04133
0.043306
0.055488
0.038927
0.037859
0.03134
0.056589
0.038876
0.034624
0.041039
0.034852
0.032178
0.042368
0.040492
0.043882
0.03828
0.037112
0.023129
0.049028
0.037828
0.039122
0.037459
0.045384
0.036089
0.034506
0.042509
0.043339
0.036967
0.039396
0.025488
0.052079
0.030936
0.04408
0.030468
0.042943
0.031836
0.04281
0.035277
0.037082
0.046401
0.029629
0.029678
0.04678
0.030438
0.060953
0.019584
0.035855
0.046318
0.03145
0.030699
0.037717
0.047878
0.038318
0.026325
0.03917
0.049008
0.049856
0.037458
0.03002
0.031307
0.028786
0.033152
0.038926
0.042967
0.046374
0.025406
0.030799
0.045832
0.038608
0.044702
0.029703
0.044513
0.02364
0.034151
0.039066
0.054449
0.038074
0.022531
0.040512
0.040228
0.033134
0.040325
0.02529
0.03997
0.035574
0.027549
0.040083
0.039356
0.054046
0.038798
0.028401
0.047404
0.034686
0.038045
0.025469
0.04311
0.030726
0.044062
0.031966
0.0418
0.03168
0.042363
0.027313
0.036356
0.039787
0.034722
0.035155
0.031768
0.036074
0.036544
0.039115
0.036537
0.02893
0.038964
0.035707
0.036082
0.045147
0.031446
0.040586
0.025191
0.033914
0.047018
0.033079
0.030186
0.032151
0.034941
0.041887
0.03026
0.037938
0.029791
0.039249
0.026552
0.032964
0.042147
0.031023
0.045695
0.02777
0.029687
0.038975
0.026383
0.032568
0.030423
0.034632
0.023574
0.032352
0.036993
0.031274
0.041232
0.028858
0.028998
0.036799
0.026739
0.032753
0.02756
0.035479
0.022221
0.032574
0.036925
0.028263
0.038804
0.02733
0.028758
0.038248
0.027207
0.032326
0.027898
0.037254
0.025986
0.030034
0.038964
0.031877
0.048309
0.024887
0.034296
0.042238
0.028545
0.030716
0.032948
0.04786
0.023993
0.02942
0.040561
0.025707
0.032952
0.025021
0.043943
0.037231
0.020971
0.027546
0.033946
0.049977
0.020122
0.025316
0.035302
0.026277
0.048403
0.025979
0.03793
0.030442
0.025356
0.039873
0.027108
0.042607
0.025775
0.030919
0.039726
0.01995
0.037545
0.028653
0.029778
0.042448
0.020693
0.033343
0.023028
0.046522
0.025898
0.031285
0.033517
0.023955
0.052173
0.025512
0.031959
0.035809
0.021898
0.035224
0.022849
0.055209
0.020669
0.033046
0.028934
0.03983
0.040367
0.022188
0.026797
0.035533
0.034455
0.030658
0.023594
0.042268
0.040933
0.022056
0.028035
0.031264
0.035181
0.021932
0.023383
0.033016
0.031154
0.025664
0.021464
0.044111
0.04593
0.023166
0.032822
0.035093
0.030586
0.021139
0.023006
0.031118
0.03035
0.02694
0.021786
0.043192
0.046482
0.021644
0.028999
0.03213
0.032659
0.022995
0.024112
0.033942
0.030851
0.025992
0.022999
0.045568
0.04377
0.023945
0.032609
0.033664
0.035868
0.021807
0.0236
0.030417
0.030331
0.025657
0.021338
0.043446
0.043501
0.021361
0.030239
0.031525
0.03332
0.02217
0.023183
0.028204
0.029614
0.023549
0.021422
0.049949
0.039718
0.01928
0.025115
0.029108
0.032311
0.02136
0.023138
0.027375
0.034407
0.026077
0.019709
0.036844
0.043339
0.020419
0.027542
0.047319
0.033522
0.022016
0.022101
0.039357
0.030265
0.02474
0.020673
0.038962
0.038115
0.0204
0.025696
